x <- 10
y <- 20

x > y
x < y
x == y
x != y

x > 5 & y > 5
x > 5 | y < 5
